<?xml version="1.0"?>
<opencv_storage>
<D1-single type_id="opencv-matrix">
  <rows>1</rows>
  <cols>8</cols>
  <dt>d</dt>
  <data>
    2.7966252236353694e-03 -7.0531844850118111e-02
    9.6350164142311305e-04 -4.5842129279634351e-03
    7.1365385426071057e-02 -3.4325230081556989e-02
    -1.3929452185008974e-02 5.6463783773235028e-02</data></D1-single>
</opencv_storage>
