<?xml version="1.0"?>
<opencv_storage>
<D2-single type_id="opencv-matrix">
  <rows>1</rows>
  <cols>8</cols>
  <dt>d</dt>
  <data>
    2.9224534889326217e-02 -1.9648955768370555e-01
    -1.4606718256461634e-03 -1.1992253508364184e-02
    1.2576639253760905e-01 9.8682379554019695e-03
    -1.9497151734362181e-01 1.3575964593525008e-01</data></D2-single>
</opencv_storage>
