<?xml version="1.0"?>
<opencv_storage>
<M1-single type_id="opencv-matrix">
  <rows>3</rows>
  <cols>3</cols>
  <dt>d</dt>
  <data>
    7.1962012092993533e+01 0. 1.5701587587524551e+02 0.
    7.0697939216448304e+01 1.1025759570917351e+02 0. 0. 1.</data></M1-single>
</opencv_storage>
