<?xml version="1.0"?>
<opencv_storage>
<M2-single type_id="opencv-matrix">
  <rows>3</rows>
  <cols>3</cols>
  <dt>d</dt>
  <data>
    7.4617166696206667e+01 0. 1.4682889984677274e+02 0.
    7.4760344743679738e+01 1.0548494270061541e+02 0. 0. 1.</data></M2-single>
</opencv_storage>
