<?xml version="1.0"?>
<opencv_storage>
<P1 type_id="opencv-matrix">
  <rows>3</rows>
  <cols>4</cols>
  <dt>d</dt>
  <data>
    1.0035138929831304e+02 0. 2.0291545677185059e+02 0. 0.
    1.0035138929831304e+02 1.0779504871368408e+02 0. 0. 0. 1. 0.</data></P1>
</opencv_storage>
