<?xml version="1.0"?>
<opencv_storage>
<Q type_id="opencv-matrix">
  <rows>4</rows>
  <cols>4</cols>
  <dt>d</dt>
  <data>
    1. 0. 0. -2.0291545677185059e+02 0. 1. 0. -1.0779504871368408e+02 0.
    0. 0. 1.0035138929831304e+02 0. 0. 1.2831445685194770e-01
    -4.0929222622393970e+00</data></Q>
</opencv_storage>
