<?xml version="1.0"?>
<opencv_storage>
<R1 type_id="opencv-matrix">
  <rows>3</rows>
  <cols>3</cols>
  <dt>d</dt>
  <data>
    9.9124522704121998e-01 -7.3125142094036177e-03
    -1.3183105477821741e-01 7.6848626099431322e-03
    9.9996778927779395e-01 2.3158785693362192e-03 1.3180987350978829e-01
    -3.3087071219560565e-03 9.9126949398360620e-01</data></R1>
</opencv_storage>
