<?xml version="1.0"?>
<opencv_storage>
<R2 type_id="opencv-matrix">
  <rows>3</rows>
  <cols>3</cols>
  <dt>d</dt>
  <data>
    9.9561930551610101e-01 -1.1403167295333255e-02
    -9.2801757845804467e-02 1.1141276159928900e-02
    9.9993235703053085e-01 -3.3396599969529824e-03
    9.2833563160986593e-02 2.2910999545392840e-03 9.9567900470575021e-01</data></R2>
</opencv_storage>
